ID CAPS generated Problem FOR Nastran
SOL 1
CEND

LINE=10000
DISP (PRINT,PUNCH) = ALL
STRE (PRINT,PUNCH) = ALL
STRA (PRINT,PUNCH) = ALL
SUBCASE 1
	LABEL = SingleLoadCase
	ANALYSIS = STATICS
	SPC = 2
	LOAD = 2

BEGIN BULK
$---1---|---2---|---3---|---4---|---5---|---6---|---7---|---8---|---9---|---10--|
PARAM, POST, -1

LOAD    ,      2,     1.,     1.,      1
SPCADD  ,      2,      1
FORCE   ,      1,    109,      0, 20000.,     0.,     0.,     1.
FORCE   ,      1,    110,      0, 20000.,     0.,     0.,     1.
FORCE   ,      1,    111,      0, 20000.,     0.,     0.,     1.
FORCE   ,      1,    112,      0, 20000.,     0.,     0.,     1.
FORCE   ,      1,    121,      0, 20000.,     0.,     0.,     1.
FORCE   ,      1,    122,      0, 20000.,     0.,     0.,     1.
FORCE   ,      1,    123,      0, 20000.,     0.,     0.,     1.
FORCE   ,      1,    124,      0, 20000.,     0.,     0.,     1.
FORCE   ,      1,    133,      0, 20000.,     0.,     0.,     1.
FORCE   ,      1,    134,      0, 20000.,     0.,     0.,     1.
FORCE   ,      1,    135,      0, 20000.,     0.,     0.,     1.
FORCE   ,      1,    136,      0, 20000.,     0.,     0.,     1.
FORCE   ,      1,    145,      0, 20000.,     0.,     0.,     1.
FORCE   ,      1,    146,      0, 20000.,     0.,     0.,     1.
FORCE   ,      1,    147,      0, 20000.,     0.,     0.,     1.
FORCE   ,      1,    148,      0, 20000.,     0.,     0.,     1.
FORCE   ,      1,    157,      0, 20000.,     0.,     0.,     1.
FORCE   ,      1,    158,      0, 20000.,     0.,     0.,     1.
FORCE   ,      1,    159,      0, 20000.,     0.,     0.,     1.
FORCE   ,      1,    160,      0, 20000.,     0.,     0.,     1.
FORCE   ,      1,    169,      0, 20000.,     0.,     0.,     1.
FORCE   ,      1,    170,      0, 20000.,     0.,     0.,     1.
FORCE   ,      1,    171,      0, 20000.,     0.,     0.,     1.
FORCE   ,      1,    172,      0, 20000.,     0.,     0.,     1.
FORCE   ,      1,    181,      0, 20000.,     0.,     0.,     1.
FORCE   ,      1,    182,      0, 20000.,     0.,     0.,     1.
FORCE   ,      1,    183,      0, 20000.,     0.,     0.,     1.
FORCE   ,      1,    184,      0, 20000.,     0.,     0.,     1.
FORCE   ,      1,    193,      0, 20000.,     0.,     0.,     1.
FORCE   ,      1,    194,      0, 20000.,     0.,     0.,     1.
FORCE   ,      1,    195,      0, 20000.,     0.,     0.,     1.
FORCE   ,      1,    196,      0, 20000.,     0.,     0.,     1.
FORCE   ,      1,    205,      0, 20000.,     0.,     0.,     1.
FORCE   ,      1,    206,      0, 20000.,     0.,     0.,     1.
FORCE   ,      1,    207,      0, 20000.,     0.,     0.,     1.
FORCE   ,      1,    208,      0, 20000.,     0.,     0.,     1.
FORCE   ,      1,    211,      0, 20000.,     0.,     0.,     1.
FORCE   ,      1,    212,      0, 20000.,     0.,     0.,     1.
FORCE   ,      1,    213,      0, 20000.,     0.,     0.,     1.
FORCE   ,      1,    214,      0, 20000.,     0.,     0.,     1.
FORCE   ,      1,    217,      0, 20000.,     0.,     0.,     1.
FORCE   ,      1,    218,      0, 20000.,     0.,     0.,     1.
FORCE   ,      1,    219,      0, 20000.,     0.,     0.,     1.
FORCE   ,      1,    220,      0, 20000.,     0.,     0.,     1.
FORCE   ,      1,    223,      0, 20000.,     0.,     0.,     1.
FORCE   ,      1,    224,      0, 20000.,     0.,     0.,     1.
FORCE   ,      1,    225,      0, 20000.,     0.,     0.,     1.
FORCE   ,      1,    226,      0, 20000.,     0.,     0.,     1.
FORCE   ,      1,    229,      0, 20000.,     0.,     0.,     1.
FORCE   ,      1,    230,      0, 20000.,     0.,     0.,     1.
FORCE   ,      1,    231,      0, 20000.,     0.,     0.,     1.
FORCE   ,      1,    232,      0, 20000.,     0.,     0.,     1.
FORCE   ,      1,    235,      0, 20000.,     0.,     0.,     1.
FORCE   ,      1,    236,      0, 20000.,     0.,     0.,     1.
FORCE   ,      1,    237,      0, 20000.,     0.,     0.,     1.
FORCE   ,      1,    238,      0, 20000.,     0.,     0.,     1.
FORCE   ,      1,    241,      0, 20000.,     0.,     0.,     1.
FORCE   ,      1,    242,      0, 20000.,     0.,     0.,     1.
FORCE   ,      1,    243,      0, 20000.,     0.,     0.,     1.
FORCE   ,      1,    244,      0, 20000.,     0.,     0.,     1.
FORCE   ,      1,    247,      0, 20000.,     0.,     0.,     1.
FORCE   ,      1,    248,      0, 20000.,     0.,     0.,     1.
FORCE   ,      1,    249,      0, 20000.,     0.,     0.,     1.
FORCE   ,      1,    250,      0, 20000.,     0.,     0.,     1.
FORCE   ,      1,    359,      0, 20000.,     0.,     0.,     1.
FORCE   ,      1,    360,      0, 20000.,     0.,     0.,     1.
FORCE   ,      1,    361,      0, 20000.,     0.,     0.,     1.
FORCE   ,      1,    362,      0, 20000.,     0.,     0.,     1.
FORCE   ,      1,    367,      0, 20000.,     0.,     0.,     1.
FORCE   ,      1,    368,      0, 20000.,     0.,     0.,     1.
FORCE   ,      1,    369,      0, 20000.,     0.,     0.,     1.
FORCE   ,      1,    370,      0, 20000.,     0.,     0.,     1.
FORCE   ,      1,    376,      0, 20000.,     0.,     0.,     1.
FORCE   ,      1,    377,      0, 20000.,     0.,     0.,     1.
FORCE   ,      1,    378,      0, 20000.,     0.,     0.,     1.
FORCE   ,      1,    379,      0, 20000.,     0.,     0.,     1.
FORCE   ,      1,    385,      0, 20000.,     0.,     0.,     1.
FORCE   ,      1,    386,      0, 20000.,     0.,     0.,     1.
FORCE   ,      1,    387,      0, 20000.,     0.,     0.,     1.
FORCE   ,      1,    388,      0, 20000.,     0.,     0.,     1.
FORCE   ,      1,    394,      0, 20000.,     0.,     0.,     1.
FORCE   ,      1,    395,      0, 20000.,     0.,     0.,     1.
FORCE   ,      1,    396,      0, 20000.,     0.,     0.,     1.
FORCE   ,      1,    397,      0, 20000.,     0.,     0.,     1.
FORCE   ,      1,    403,      0, 20000.,     0.,     0.,     1.
FORCE   ,      1,    404,      0, 20000.,     0.,     0.,     1.
FORCE   ,      1,    405,      0, 20000.,     0.,     0.,     1.
FORCE   ,      1,    406,      0, 20000.,     0.,     0.,     1.
FORCE   ,      1,    412,      0, 20000.,     0.,     0.,     1.
FORCE   ,      1,    413,      0, 20000.,     0.,     0.,     1.
FORCE   ,      1,    414,      0, 20000.,     0.,     0.,     1.
FORCE   ,      1,    415,      0, 20000.,     0.,     0.,     1.
FORCE   ,      1,    421,      0, 20000.,     0.,     0.,     1.
FORCE   ,      1,    422,      0, 20000.,     0.,     0.,     1.
FORCE   ,      1,    423,      0, 20000.,     0.,     0.,     1.
FORCE   ,      1,    424,      0, 20000.,     0.,     0.,     1.
FORCE   ,      1,    430,      0, 20000.,     0.,     0.,     1.
FORCE   ,      1,    431,      0, 20000.,     0.,     0.,     1.
FORCE   ,      1,    432,      0, 20000.,     0.,     0.,     1.
FORCE   ,      1,    433,      0, 20000.,     0.,     0.,     1.
FORCE   ,      1,    436,      0, 20000.,     0.,     0.,     1.
FORCE   ,      1,    437,      0, 20000.,     0.,     0.,     1.
FORCE   ,      1,    438,      0, 20000.,     0.,     0.,     1.
FORCE   ,      1,    439,      0, 20000.,     0.,     0.,     1.
FORCE   ,      1,    442,      0, 20000.,     0.,     0.,     1.
FORCE   ,      1,    443,      0, 20000.,     0.,     0.,     1.
FORCE   ,      1,    444,      0, 20000.,     0.,     0.,     1.
FORCE   ,      1,    445,      0, 20000.,     0.,     0.,     1.
FORCE   ,      1,    448,      0, 20000.,     0.,     0.,     1.
FORCE   ,      1,    449,      0, 20000.,     0.,     0.,     1.
FORCE   ,      1,    450,      0, 20000.,     0.,     0.,     1.
FORCE   ,      1,    451,      0, 20000.,     0.,     0.,     1.
FORCE   ,      1,    454,      0, 20000.,     0.,     0.,     1.
FORCE   ,      1,    455,      0, 20000.,     0.,     0.,     1.
FORCE   ,      1,    456,      0, 20000.,     0.,     0.,     1.
FORCE   ,      1,    457,      0, 20000.,     0.,     0.,     1.
FORCE   ,      1,    460,      0, 20000.,     0.,     0.,     1.
FORCE   ,      1,    461,      0, 20000.,     0.,     0.,     1.
FORCE   ,      1,    462,      0, 20000.,     0.,     0.,     1.
FORCE   ,      1,    463,      0, 20000.,     0.,     0.,     1.
FORCE   ,      1,    466,      0, 20000.,     0.,     0.,     1.
FORCE   ,      1,    467,      0, 20000.,     0.,     0.,     1.
FORCE   ,      1,    468,      0, 20000.,     0.,     0.,     1.
FORCE   ,      1,    469,      0, 20000.,     0.,     0.,     1.
FORCE   ,      1,    472,      0, 20000.,     0.,     0.,     1.
FORCE   ,      1,    473,      0, 20000.,     0.,     0.,     1.
FORCE   ,      1,    474,      0, 20000.,     0.,     0.,     1.
FORCE   ,      1,    475,      0, 20000.,     0.,     0.,     1.
FORCE   ,      1,    584,      0, 20000.,     0.,     0.,     1.
FORCE   ,      1,    585,      0, 20000.,     0.,     0.,     1.
FORCE   ,      1,    586,      0, 20000.,     0.,     0.,     1.
FORCE   ,      1,    587,      0, 20000.,     0.,     0.,     1.
FORCE   ,      1,    592,      0, 20000.,     0.,     0.,     1.
FORCE   ,      1,    593,      0, 20000.,     0.,     0.,     1.
FORCE   ,      1,    594,      0, 20000.,     0.,     0.,     1.
FORCE   ,      1,    595,      0, 20000.,     0.,     0.,     1.
FORCE   ,      1,    601,      0, 20000.,     0.,     0.,     1.
FORCE   ,      1,    602,      0, 20000.,     0.,     0.,     1.
FORCE   ,      1,    603,      0, 20000.,     0.,     0.,     1.
FORCE   ,      1,    604,      0, 20000.,     0.,     0.,     1.
FORCE   ,      1,    610,      0, 20000.,     0.,     0.,     1.
FORCE   ,      1,    611,      0, 20000.,     0.,     0.,     1.
FORCE   ,      1,    612,      0, 20000.,     0.,     0.,     1.
FORCE   ,      1,    613,      0, 20000.,     0.,     0.,     1.
FORCE   ,      1,    619,      0, 20000.,     0.,     0.,     1.
FORCE   ,      1,    620,      0, 20000.,     0.,     0.,     1.
FORCE   ,      1,    621,      0, 20000.,     0.,     0.,     1.
FORCE   ,      1,    622,      0, 20000.,     0.,     0.,     1.
FORCE   ,      1,    628,      0, 20000.,     0.,     0.,     1.
FORCE   ,      1,    629,      0, 20000.,     0.,     0.,     1.
FORCE   ,      1,    630,      0, 20000.,     0.,     0.,     1.
FORCE   ,      1,    631,      0, 20000.,     0.,     0.,     1.
FORCE   ,      1,    637,      0, 20000.,     0.,     0.,     1.
FORCE   ,      1,    638,      0, 20000.,     0.,     0.,     1.
FORCE   ,      1,    639,      0, 20000.,     0.,     0.,     1.
FORCE   ,      1,    640,      0, 20000.,     0.,     0.,     1.
FORCE   ,      1,    646,      0, 20000.,     0.,     0.,     1.
FORCE   ,      1,    647,      0, 20000.,     0.,     0.,     1.
FORCE   ,      1,    648,      0, 20000.,     0.,     0.,     1.
FORCE   ,      1,    649,      0, 20000.,     0.,     0.,     1.
FORCE   ,      1,    655,      0, 20000.,     0.,     0.,     1.
FORCE   ,      1,    656,      0, 20000.,     0.,     0.,     1.
FORCE   ,      1,    657,      0, 20000.,     0.,     0.,     1.
FORCE   ,      1,    658,      0, 20000.,     0.,     0.,     1.
FORCE   ,      1,    661,      0, 20000.,     0.,     0.,     1.
FORCE   ,      1,    662,      0, 20000.,     0.,     0.,     1.
FORCE   ,      1,    663,      0, 20000.,     0.,     0.,     1.
FORCE   ,      1,    664,      0, 20000.,     0.,     0.,     1.
FORCE   ,      1,    667,      0, 20000.,     0.,     0.,     1.
FORCE   ,      1,    668,      0, 20000.,     0.,     0.,     1.
FORCE   ,      1,    669,      0, 20000.,     0.,     0.,     1.
FORCE   ,      1,    670,      0, 20000.,     0.,     0.,     1.
FORCE   ,      1,    673,      0, 20000.,     0.,     0.,     1.
FORCE   ,      1,    674,      0, 20000.,     0.,     0.,     1.
FORCE   ,      1,    675,      0, 20000.,     0.,     0.,     1.
FORCE   ,      1,    676,      0, 20000.,     0.,     0.,     1.
FORCE   ,      1,    679,      0, 20000.,     0.,     0.,     1.
FORCE   ,      1,    680,      0, 20000.,     0.,     0.,     1.
FORCE   ,      1,    681,      0, 20000.,     0.,     0.,     1.
FORCE   ,      1,    682,      0, 20000.,     0.,     0.,     1.
FORCE   ,      1,    685,      0, 20000.,     0.,     0.,     1.
FORCE   ,      1,    686,      0, 20000.,     0.,     0.,     1.
FORCE   ,      1,    687,      0, 20000.,     0.,     0.,     1.
FORCE   ,      1,    688,      0, 20000.,     0.,     0.,     1.
FORCE   ,      1,    691,      0, 20000.,     0.,     0.,     1.
FORCE   ,      1,    692,      0, 20000.,     0.,     0.,     1.
FORCE   ,      1,    693,      0, 20000.,     0.,     0.,     1.
FORCE   ,      1,    694,      0, 20000.,     0.,     0.,     1.
FORCE   ,      1,    697,      0, 20000.,     0.,     0.,     1.
FORCE   ,      1,    698,      0, 20000.,     0.,     0.,     1.
FORCE   ,      1,    699,      0, 20000.,     0.,     0.,     1.
FORCE   ,      1,    700,      0, 20000.,     0.,     0.,     1.
FORCE   ,      1,    809,      0, 20000.,     0.,     0.,     1.
FORCE   ,      1,    810,      0, 20000.,     0.,     0.,     1.
FORCE   ,      1,    811,      0, 20000.,     0.,     0.,     1.
FORCE   ,      1,    812,      0, 20000.,     0.,     0.,     1.
FORCE   ,      1,    817,      0, 20000.,     0.,     0.,     1.
FORCE   ,      1,    818,      0, 20000.,     0.,     0.,     1.
FORCE   ,      1,    819,      0, 20000.,     0.,     0.,     1.
FORCE   ,      1,    820,      0, 20000.,     0.,     0.,     1.
FORCE   ,      1,    826,      0, 20000.,     0.,     0.,     1.
FORCE   ,      1,    827,      0, 20000.,     0.,     0.,     1.
FORCE   ,      1,    828,      0, 20000.,     0.,     0.,     1.
FORCE   ,      1,    829,      0, 20000.,     0.,     0.,     1.
FORCE   ,      1,    835,      0, 20000.,     0.,     0.,     1.
FORCE   ,      1,    836,      0, 20000.,     0.,     0.,     1.
FORCE   ,      1,    837,      0, 20000.,     0.,     0.,     1.
FORCE   ,      1,    838,      0, 20000.,     0.,     0.,     1.
FORCE   ,      1,    844,      0, 20000.,     0.,     0.,     1.
FORCE   ,      1,    845,      0, 20000.,     0.,     0.,     1.
FORCE   ,      1,    846,      0, 20000.,     0.,     0.,     1.
FORCE   ,      1,    847,      0, 20000.,     0.,     0.,     1.
FORCE   ,      1,    853,      0, 20000.,     0.,     0.,     1.
FORCE   ,      1,    854,      0, 20000.,     0.,     0.,     1.
FORCE   ,      1,    855,      0, 20000.,     0.,     0.,     1.
FORCE   ,      1,    856,      0, 20000.,     0.,     0.,     1.
FORCE   ,      1,    862,      0, 20000.,     0.,     0.,     1.
FORCE   ,      1,    863,      0, 20000.,     0.,     0.,     1.
FORCE   ,      1,    864,      0, 20000.,     0.,     0.,     1.
FORCE   ,      1,    865,      0, 20000.,     0.,     0.,     1.
FORCE   ,      1,    871,      0, 20000.,     0.,     0.,     1.
FORCE   ,      1,    872,      0, 20000.,     0.,     0.,     1.
FORCE   ,      1,    873,      0, 20000.,     0.,     0.,     1.
FORCE   ,      1,    874,      0, 20000.,     0.,     0.,     1.
FORCE   ,      1,    880,      0, 20000.,     0.,     0.,     1.
FORCE   ,      1,    881,      0, 20000.,     0.,     0.,     1.
FORCE   ,      1,    882,      0, 20000.,     0.,     0.,     1.
FORCE   ,      1,    883,      0, 20000.,     0.,     0.,     1.
FORCE   ,      1,    886,      0, 20000.,     0.,     0.,     1.
FORCE   ,      1,    887,      0, 20000.,     0.,     0.,     1.
FORCE   ,      1,    888,      0, 20000.,     0.,     0.,     1.
FORCE   ,      1,    889,      0, 20000.,     0.,     0.,     1.
FORCE   ,      1,    892,      0, 20000.,     0.,     0.,     1.
FORCE   ,      1,    893,      0, 20000.,     0.,     0.,     1.
FORCE   ,      1,    894,      0, 20000.,     0.,     0.,     1.
FORCE   ,      1,    895,      0, 20000.,     0.,     0.,     1.
FORCE   ,      1,    898,      0, 20000.,     0.,     0.,     1.
FORCE   ,      1,    899,      0, 20000.,     0.,     0.,     1.
FORCE   ,      1,    900,      0, 20000.,     0.,     0.,     1.
FORCE   ,      1,    901,      0, 20000.,     0.,     0.,     1.
FORCE   ,      1,    904,      0, 20000.,     0.,     0.,     1.
FORCE   ,      1,    905,      0, 20000.,     0.,     0.,     1.
FORCE   ,      1,    906,      0, 20000.,     0.,     0.,     1.
FORCE   ,      1,    907,      0, 20000.,     0.,     0.,     1.
FORCE   ,      1,    910,      0, 20000.,     0.,     0.,     1.
FORCE   ,      1,    911,      0, 20000.,     0.,     0.,     1.
FORCE   ,      1,    912,      0, 20000.,     0.,     0.,     1.
FORCE   ,      1,    913,      0, 20000.,     0.,     0.,     1.
FORCE   ,      1,    916,      0, 20000.,     0.,     0.,     1.
FORCE   ,      1,    917,      0, 20000.,     0.,     0.,     1.
FORCE   ,      1,    918,      0, 20000.,     0.,     0.,     1.
FORCE   ,      1,    919,      0, 20000.,     0.,     0.,     1.
FORCE   ,      1,    922,      0, 20000.,     0.,     0.,     1.
FORCE   ,      1,    923,      0, 20000.,     0.,     0.,     1.
FORCE   ,      1,    924,      0, 20000.,     0.,     0.,     1.
FORCE   ,      1,    925,      0, 20000.,     0.,     0.,     1.
FORCE   ,      1,    934,      0, 20000.,     0.,     0.,     1.
FORCE   ,      1,    935,      0, 20000.,     0.,     0.,     1.
FORCE   ,      1,    936,      0, 20000.,     0.,     0.,     1.
FORCE   ,      1,    937,      0, 20000.,     0.,     0.,     1.
FORCE   ,      1,    943,      0, 20000.,     0.,     0.,     1.
FORCE   ,      1,    944,      0, 20000.,     0.,     0.,     1.
FORCE   ,      1,    945,      0, 20000.,     0.,     0.,     1.
FORCE   ,      1,    946,      0, 20000.,     0.,     0.,     1.
FORCE   ,      1,    952,      0, 20000.,     0.,     0.,     1.
FORCE   ,      1,    953,      0, 20000.,     0.,     0.,     1.
FORCE   ,      1,    954,      0, 20000.,     0.,     0.,     1.
FORCE   ,      1,    955,      0, 20000.,     0.,     0.,     1.
FORCE   ,      1,    961,      0, 20000.,     0.,     0.,     1.
FORCE   ,      1,    962,      0, 20000.,     0.,     0.,     1.
FORCE   ,      1,    963,      0, 20000.,     0.,     0.,     1.
FORCE   ,      1,    964,      0, 20000.,     0.,     0.,     1.
FORCE   ,      1,    970,      0, 20000.,     0.,     0.,     1.
FORCE   ,      1,    971,      0, 20000.,     0.,     0.,     1.
FORCE   ,      1,    972,      0, 20000.,     0.,     0.,     1.
FORCE   ,      1,    973,      0, 20000.,     0.,     0.,     1.
FORCE   ,      1,    979,      0, 20000.,     0.,     0.,     1.
FORCE   ,      1,    980,      0, 20000.,     0.,     0.,     1.
FORCE   ,      1,    981,      0, 20000.,     0.,     0.,     1.
FORCE   ,      1,    982,      0, 20000.,     0.,     0.,     1.
FORCE   ,      1,    988,      0, 20000.,     0.,     0.,     1.
FORCE   ,      1,    989,      0, 20000.,     0.,     0.,     1.
FORCE   ,      1,    990,      0, 20000.,     0.,     0.,     1.
FORCE   ,      1,    991,      0, 20000.,     0.,     0.,     1.
FORCE   ,      1,    997,      0, 20000.,     0.,     0.,     1.
FORCE   ,      1,    998,      0, 20000.,     0.,     0.,     1.
FORCE   ,      1,    999,      0, 20000.,     0.,     0.,     1.
FORCE   ,      1,   1000,      0, 20000.,     0.,     0.,     1.
FORCE   ,      1,   1009,      0, 20000.,     0.,     0.,     1.
FORCE   ,      1,   1010,      0, 20000.,     0.,     0.,     1.
FORCE   ,      1,   1011,      0, 20000.,     0.,     0.,     1.
FORCE   ,      1,   1012,      0, 20000.,     0.,     0.,     1.
FORCE   ,      1,   1018,      0, 20000.,     0.,     0.,     1.
FORCE   ,      1,   1019,      0, 20000.,     0.,     0.,     1.
FORCE   ,      1,   1020,      0, 20000.,     0.,     0.,     1.
FORCE   ,      1,   1021,      0, 20000.,     0.,     0.,     1.
FORCE   ,      1,   1027,      0, 20000.,     0.,     0.,     1.
FORCE   ,      1,   1028,      0, 20000.,     0.,     0.,     1.
FORCE   ,      1,   1029,      0, 20000.,     0.,     0.,     1.
FORCE   ,      1,   1030,      0, 20000.,     0.,     0.,     1.
FORCE   ,      1,   1036,      0, 20000.,     0.,     0.,     1.
FORCE   ,      1,   1037,      0, 20000.,     0.,     0.,     1.
FORCE   ,      1,   1038,      0, 20000.,     0.,     0.,     1.
FORCE   ,      1,   1039,      0, 20000.,     0.,     0.,     1.
FORCE   ,      1,   1045,      0, 20000.,     0.,     0.,     1.
FORCE   ,      1,   1046,      0, 20000.,     0.,     0.,     1.
FORCE   ,      1,   1047,      0, 20000.,     0.,     0.,     1.
FORCE   ,      1,   1048,      0, 20000.,     0.,     0.,     1.
FORCE   ,      1,   1054,      0, 20000.,     0.,     0.,     1.
FORCE   ,      1,   1055,      0, 20000.,     0.,     0.,     1.
FORCE   ,      1,   1056,      0, 20000.,     0.,     0.,     1.
FORCE   ,      1,   1057,      0, 20000.,     0.,     0.,     1.
FORCE   ,      1,   1063,      0, 20000.,     0.,     0.,     1.
FORCE   ,      1,   1064,      0, 20000.,     0.,     0.,     1.
FORCE   ,      1,   1065,      0, 20000.,     0.,     0.,     1.
FORCE   ,      1,   1066,      0, 20000.,     0.,     0.,     1.
FORCE   ,      1,   1072,      0, 20000.,     0.,     0.,     1.
FORCE   ,      1,   1073,      0, 20000.,     0.,     0.,     1.
FORCE   ,      1,   1074,      0, 20000.,     0.,     0.,     1.
FORCE   ,      1,   1075,      0, 20000.,     0.,     0.,     1.
SPC1    ,      1, 123456,    101
SPC1    ,      1, 123456,    102
SPC1    ,      1, 123456,    113
SPC1    ,      1, 123456,    114
SPC1    ,      1, 123456,    203
SPC1    ,      1, 123456,    204
SPC1    ,      1, 123456,    245
SPC1    ,      1, 123456,    246
SPC1    ,      1, 123456,    351
SPC1    ,      1, 123456,    352
SPC1    ,      1, 123456,    363
SPC1    ,      1, 123456,    364
SPC1    ,      1, 123456,    428
SPC1    ,      1, 123456,    429
SPC1    ,      1, 123456,    470
SPC1    ,      1, 123456,    471
SPC1    ,      1, 123456,    576
SPC1    ,      1, 123456,    577
SPC1    ,      1, 123456,    588
SPC1    ,      1, 123456,    589
SPC1    ,      1, 123456,    653
SPC1    ,      1, 123456,    654
SPC1    ,      1, 123456,    695
SPC1    ,      1, 123456,    696
SPC1    ,      1, 123456,    801
SPC1    ,      1, 123456,    802
SPC1    ,      1, 123456,    813
SPC1    ,      1, 123456,    814
SPC1    ,      1, 123456,    878
SPC1    ,      1, 123456,    879
SPC1    ,      1, 123456,    920
SPC1    ,      1, 123456,    921
SPC1    ,      1, 123456,    930
SPC1    ,      1, 123456,    931
SPC1    ,      1, 123456,    995
SPC1    ,      1, 123456,    996
SPC1    ,      1, 123456,   1005
SPC1    ,      1, 123456,   1006
SPC1    ,      1, 123456,   1070
SPC1    ,      1, 123456,   1071
MAT1    ,      1,  1.E+7,       ,   0.33,    0.1,     0.,     0.,     0.,+0      
+0      ,     0.,     0.,     0.
PSHELL  ,    112,      1,9.09E-2,      1,     1.,      1,0.83333
PSHELL  ,     17,      1,0.90909,      1,     1.,      1,0.83333
PSHELL  ,    111,      1,     1.,      1,     1.,      1,0.83333
PSHELL  ,    103,      1,1.09091,      1,     1.,      1,0.83333
PSHELL  ,     95,      1,1.18182,      1,     1.,      1,0.83333
PSHELL  ,     88,      1,1.27273,      1,     1.,      1,0.83333
PSHELL  ,     71,      1,1.36364,      1,     1.,      1,0.83333
PSHELL  ,     64,      1,1.45455,      1,     1.,      1,0.83333
PSHELL  ,     47,      1,1.54545,      1,     1.,      1,0.83333
PSHELL  ,     40,      1,1.63636,      1,     1.,      1,0.83333
PSHELL  ,     23,      1,1.72727,      1,     1.,      1,0.83333
PSHELL  ,    104,      1,0.18182,      1,     1.,      1,0.83333
PSHELL  ,     16,      1,1.81818,      1,     1.,      1,0.83333
PSHELL  ,    110,      1,1.90909,      1,     1.,      1,0.83333
PSHELL  ,    102,      1,     2.,      1,     1.,      1,0.83333
PSHELL  ,     94,      1,2.09091,      1,     1.,      1,0.83333
PSHELL  ,     87,      1,2.18182,      1,     1.,      1,0.83333
PSHELL  ,     70,      1,2.27273,      1,     1.,      1,0.83333
PSHELL  ,     63,      1,2.36364,      1,     1.,      1,0.83333
PSHELL  ,     46,      1,2.45455,      1,     1.,      1,0.83333
PSHELL  ,     39,      1,2.54545,      1,     1.,      1,0.83333
PSHELL  ,     22,      1,2.63636,      1,     1.,      1,0.83333
PSHELL  ,     96,      1,0.27273,      1,     1.,      1,0.83333
PSHELL  ,     15,      1,2.72727,      1,     1.,      1,0.83333
PSHELL  ,    109,      1,2.81818,      1,     1.,      1,0.83333
PSHELL  ,    101,      1,2.90909,      1,     1.,      1,0.83333
PSHELL  ,     93,      1,     3.,      1,     1.,      1,0.83333
PSHELL  ,     86,      1,3.09091,      1,     1.,      1,0.83333
PSHELL  ,     69,      1,3.18182,      1,     1.,      1,0.83333
PSHELL  ,     62,      1,3.27273,      1,     1.,      1,0.83333
PSHELL  ,     45,      1,3.36364,      1,     1.,      1,0.83333
PSHELL  ,     38,      1,3.45455,      1,     1.,      1,0.83333
PSHELL  ,     21,      1,3.54545,      1,     1.,      1,0.83333
PSHELL  ,     89,      1,0.36364,      1,     1.,      1,0.83333
PSHELL  ,     14,      1,3.63636,      1,     1.,      1,0.83333
PSHELL  ,    108,      1,3.72727,      1,     1.,      1,0.83333
PSHELL  ,    100,      1,3.81818,      1,     1.,      1,0.83333
PSHELL  ,     92,      1,3.90909,      1,     1.,      1,0.83333
PSHELL  ,     85,      1,     4.,      1,     1.,      1,0.83333
PSHELL  ,     68,      1,4.09091,      1,     1.,      1,0.83333
PSHELL  ,     61,      1,4.18182,      1,     1.,      1,0.83333
PSHELL  ,     44,      1,4.27273,      1,     1.,      1,0.83333
PSHELL  ,     37,      1,4.36364,      1,     1.,      1,0.83333
PSHELL  ,     20,      1,4.45455,      1,     1.,      1,0.83333
PSHELL  ,     72,      1,0.45455,      1,     1.,      1,0.83333
PSHELL  ,     13,      1,4.54545,      1,     1.,      1,0.83333
PSHELL  ,    107,      1,4.63636,      1,     1.,      1,0.83333
PSHELL  ,     99,      1,4.72727,      1,     1.,      1,0.83333
PSHELL  ,     91,      1,4.81818,      1,     1.,      1,0.83333
PSHELL  ,     84,      1,4.90909,      1,     1.,      1,0.83333
PSHELL  ,     67,      1,     5.,      1,     1.,      1,0.83333
PSHELL  ,     60,      1,5.09091,      1,     1.,      1,0.83333
PSHELL  ,     43,      1,5.18182,      1,     1.,      1,0.83333
PSHELL  ,     36,      1,5.27273,      1,     1.,      1,0.83333
PSHELL  ,     19,      1,5.36364,      1,     1.,      1,0.83333
PSHELL  ,     65,      1,0.54545,      1,     1.,      1,0.83333
PSHELL  ,     12,      1,5.45455,      1,     1.,      1,0.83333
PSHELL  ,    106,      1,5.54545,      1,     1.,      1,0.83333
PSHELL  ,     98,      1,5.63636,      1,     1.,      1,0.83333
PSHELL  ,     90,      1,5.72727,      1,     1.,      1,0.83333
PSHELL  ,     83,      1,5.81818,      1,     1.,      1,0.83333
PSHELL  ,     66,      1,5.90909,      1,     1.,      1,0.83333
PSHELL  ,     59,      1,     6.,      1,     1.,      1,0.83333
PSHELL  ,     42,      1,6.09091,      1,     1.,      1,0.83333
PSHELL  ,     35,      1,6.18182,      1,     1.,      1,0.83333
PSHELL  ,     18,      1,6.27273,      1,     1.,      1,0.83333
PSHELL  ,     48,      1,0.63636,      1,     1.,      1,0.83333
PSHELL  ,     11,      1,6.36364,      1,     1.,      1,0.83333
PSHELL  ,    105,      1,6.45455,      1,     1.,      1,0.83333
PSHELL  ,     97,      1,6.54545,      1,     1.,      1,0.83333
PSHELL  ,     81,      1,6.63636,      1,     1.,      1,0.83333
PSHELL  ,     82,      1,6.72727,      1,     1.,      1,0.83333
PSHELL  ,     57,      1,6.81818,      1,     1.,      1,0.83333
PSHELL  ,     58,      1,6.90909,      1,     1.,      1,0.83333
PSHELL  ,     33,      1,     7.,      1,     1.,      1,0.83333
PSHELL  ,     34,      1,7.09091,      1,     1.,      1,0.83333
PSHELL  ,      9,      1,7.18182,      1,     1.,      1,0.83333
PSHELL  ,     41,      1,0.72727,      1,     1.,      1,0.83333
PSHELL  ,     10,      1,7.27273,      1,     1.,      1,0.83333
PSHELL  ,     24,      1,0.81818,      1,     1.,      1,0.83333
PSHELL  ,     80,      1,9.09E-2,      1,     1.,      1,0.83333
PSHELL  ,     56,      1,0.18182,      1,     1.,      1,0.83333
PSHELL  ,     32,      1,0.27273,      1,     1.,      1,0.83333
PSHELL  ,      8,      1,0.36364,      1,     1.,      1,0.83333
DESVAR  ,      1, plate1,9.09E-2,4.55E-2,0.13636,9.09E-3
DESVAR  ,      2,plate10,0.90909,0.45455,1.36364,9.09E-2
DESVAR  ,      3,plate11,     1.,    0.5,    1.5,    0.1
DESVAR  ,      4,plate12,1.09091,0.54545,1.63636,0.10909
DESVAR  ,      5,plate13,1.18182,0.59091,1.77273,0.11818
DESVAR  ,      6,plate14,1.27273,0.63636,1.90909,0.12727
DESVAR  ,      7,plate15,1.36364,0.68182,2.04545,0.13636
DESVAR  ,      8,plate16,1.45455,0.72727,2.18182,0.14545
DESVAR  ,      9,plate17,1.54545,0.77273,2.31818,0.15455
DESVAR  ,     10,plate18,1.63636,0.81818,2.45455,0.16364
DESVAR  ,     11,plate19,1.72727,0.86364,2.59091,0.17273
DESVAR  ,     12, plate2,0.18182,9.09E-2,0.27273,1.82E-2
DESVAR  ,     13,plate20,1.81818,0.90909,2.72727,0.18182
DESVAR  ,     14,plate21,1.90909,0.95455,2.86364,0.19091
DESVAR  ,     15,plate22,     2.,     1.,     3.,    0.2
DESVAR  ,     16,plate23,2.09091,1.04545,3.13636,0.20909
DESVAR  ,     17,plate24,2.18182,1.09091,3.27273,0.21818
DESVAR  ,     18,plate25,2.27273,1.13636,3.40909,0.22727
DESVAR  ,     19,plate26,2.36364,1.18182,3.54545,0.23636
DESVAR  ,     20,plate27,2.45455,1.22727,3.68182,0.24545
DESVAR  ,     21,plate28,2.54545,1.27273,3.81818,0.25455
DESVAR  ,     22,plate29,2.63636,1.31818,3.95455,0.26364
DESVAR  ,     23, plate3,0.27273,0.13636,0.40909,2.73E-2
DESVAR  ,     24,plate30,2.72727,1.36364,4.09091,0.27273
DESVAR  ,     25,plate31,2.81818,1.40909,4.22727,0.28182
DESVAR  ,     26,plate32,2.90909,1.45455,4.36364,0.29091
DESVAR  ,     27,plate33,     3.,    1.5,    4.5,    0.3
DESVAR  ,     28,plate34,3.09091,1.54545,4.63636,0.30909
DESVAR  ,     29,plate35,3.18182,1.59091,4.77273,0.31818
DESVAR  ,     30,plate36,3.27273,1.63636,4.90909,0.32727
DESVAR  ,     31,plate37,3.36364,1.68182,5.04545,0.33636
DESVAR  ,     32,plate38,3.45455,1.72727,5.18182,0.34545
DESVAR  ,     33,plate39,3.54545,1.77273,5.31818,0.35455
DESVAR  ,     34, plate4,0.36364,0.18182,0.54545,3.64E-2
DESVAR  ,     35,plate40,3.63636,1.81818,5.45455,0.36364
DESVAR  ,     36,plate41,3.72727,1.86364,5.59091,0.37273
DESVAR  ,     37,plate42,3.81818,1.90909,5.72727,0.38182
DESVAR  ,     38,plate43,3.90909,1.95455,5.86364,0.39091
DESVAR  ,     39,plate44,     4.,     2.,     6.,    0.4
DESVAR  ,     40,plate45,4.09091,2.04545,6.13636,0.40909
DESVAR  ,     41,plate46,4.18182,2.09091,6.27273,0.41818
DESVAR  ,     42,plate47,4.27273,2.13636,6.40909,0.42727
DESVAR  ,     43,plate48,4.36364,2.18182,6.54545,0.43636
DESVAR  ,     44,plate49,4.45455,2.22727,6.68182,0.44545
DESVAR  ,     45, plate5,0.45455,0.22727,0.68182,4.55E-2
DESVAR  ,     46,plate50,4.54545,2.27273,6.81818,0.45455
DESVAR  ,     47,plate51,4.63636,2.31818,6.95455,0.46364
DESVAR  ,     48,plate52,4.72727,2.36364,7.09091,0.47273
DESVAR  ,     49,plate53,4.81818,2.40909,7.22727,0.48182
DESVAR  ,     50,plate54,4.90909,2.45455,7.36364,0.49091
DESVAR  ,     51,plate55,     5.,    2.5,    7.5,    0.5
DESVAR  ,     52,plate56,5.09091,2.54545,7.63636,0.50909
DESVAR  ,     53,plate57,5.18182,2.59091,7.77273,0.51818
DESVAR  ,     54,plate58,5.27273,2.63636,7.90909,0.52727
DESVAR  ,     55,plate59,5.36364,2.68182,8.04545,0.53636
DESVAR  ,     56, plate6,0.54545,0.27273,0.81818,5.45E-2
DESVAR  ,     57,plate60,5.45455,2.72727,8.18182,0.54545
DESVAR  ,     58,plate61,5.54545,2.77273,8.31818,0.55455
DESVAR  ,     59,plate62,5.63636,2.81818,8.45455,0.56364
DESVAR  ,     60,plate63,5.72727,2.86364,8.59091,0.57273
DESVAR  ,     61,plate64,5.81818,2.90909,8.72727,0.58182
DESVAR  ,     62,plate65,5.90909,2.95455,8.86364,0.59091
DESVAR  ,     63,plate66,     6.,     3.,     9.,    0.6
DESVAR  ,     64,plate67,6.09091,3.04545,9.13636,0.60909
DESVAR  ,     65,plate68,6.18182,3.09091,9.27273,0.61818
DESVAR  ,     66,plate69,6.27273,3.13636,9.40909,0.62727
DESVAR  ,     67, plate7,0.63636,0.31818,0.95455,6.36E-2
DESVAR  ,     68,plate70,6.36364,3.18182,9.54545,0.63636
DESVAR  ,     69,plate71,6.45455,3.22727,9.68182,0.64545
DESVAR  ,     70,plate72,6.54545,3.27273,9.81818,0.65455
DESVAR  ,     71,plate73,6.63636,3.31818,9.95455,0.66364
DESVAR  ,     72,plate74,6.72727,3.36364,10.0909,0.67273
DESVAR  ,     73,plate75,6.81818,3.40909,10.2273,0.68182
DESVAR  ,     74,plate76,6.90909,3.45455,10.3636,0.69091
DESVAR  ,     75,plate77,     7.,    3.5,   10.5,    0.7
DESVAR  ,     76,plate78,7.09091,3.54545,10.6364,0.70909
DESVAR  ,     77,plate79,7.18182,3.59091,10.7727,0.71818
DESVAR  ,     78, plate8,0.72727,0.36364,1.09091,7.27E-2
DESVAR  ,     79,plate80,7.27273,3.63636,10.9091,0.72727
DESVAR  ,     80, plate9,0.81818,0.40909,1.22727,8.18E-2
DESVAR  ,     81, stiff1,9.09E-2,4.55E-2,0.13636,9.09E-3
DESVAR  ,     82, stiff2,0.18182,9.09E-2,0.27273,1.82E-2
DESVAR  ,     83, stiff3,0.27273,0.13636,0.40909,2.73E-2
DESVAR  ,     84, stiff4,0.36364,0.18182,0.54545,3.64E-2
DVPREL1 ,    100, PSHELL,    112,      T,       ,       ,     0.,       ,+0      
+0      ,      1,     1.
DVPREL1 ,    200, PSHELL,     17,      T,       ,       ,     0.,       ,+0      
+0      ,      2,     1.
DVPREL1 ,    300, PSHELL,    111,      T,       ,       ,     0.,       ,+0      
+0      ,      3,     1.
DVPREL1 ,    400, PSHELL,    103,      T,       ,       ,     0.,       ,+0      
+0      ,      4,     1.
DVPREL1 ,    500, PSHELL,     95,      T,       ,       ,     0.,       ,+0      
+0      ,      5,     1.
DVPREL1 ,    600, PSHELL,     88,      T,       ,       ,     0.,       ,+0      
+0      ,      6,     1.
DVPREL1 ,    700, PSHELL,     71,      T,       ,       ,     0.,       ,+0      
+0      ,      7,     1.
DVPREL1 ,    800, PSHELL,     64,      T,       ,       ,     0.,       ,+0      
+0      ,      8,     1.
DVPREL1 ,    900, PSHELL,     47,      T,       ,       ,     0.,       ,+0      
+0      ,      9,     1.
DVPREL1 ,   1000, PSHELL,     40,      T,       ,       ,     0.,       ,+0      
+0      ,     10,     1.
DVPREL1 ,   1100, PSHELL,     23,      T,       ,       ,     0.,       ,+0      
+0      ,     11,     1.
DVPREL1 ,   1200, PSHELL,    104,      T,       ,       ,     0.,       ,+0      
+0      ,     12,     1.
DVPREL1 ,   1300, PSHELL,     16,      T,       ,       ,     0.,       ,+0      
+0      ,     13,     1.
DVPREL1 ,   1400, PSHELL,    110,      T,       ,       ,     0.,       ,+0      
+0      ,     14,     1.
DVPREL1 ,   1500, PSHELL,    102,      T,       ,       ,     0.,       ,+0      
+0      ,     15,     1.
DVPREL1 ,   1600, PSHELL,     94,      T,       ,       ,     0.,       ,+0      
+0      ,     16,     1.
DVPREL1 ,   1700, PSHELL,     87,      T,       ,       ,     0.,       ,+0      
+0      ,     17,     1.
DVPREL1 ,   1800, PSHELL,     70,      T,       ,       ,     0.,       ,+0      
+0      ,     18,     1.
DVPREL1 ,   1900, PSHELL,     63,      T,       ,       ,     0.,       ,+0      
+0      ,     19,     1.
DVPREL1 ,   2000, PSHELL,     46,      T,       ,       ,     0.,       ,+0      
+0      ,     20,     1.
DVPREL1 ,   2100, PSHELL,     39,      T,       ,       ,     0.,       ,+0      
+0      ,     21,     1.
DVPREL1 ,   2200, PSHELL,     22,      T,       ,       ,     0.,       ,+0      
+0      ,     22,     1.
DVPREL1 ,   2300, PSHELL,     96,      T,       ,       ,     0.,       ,+0      
+0      ,     23,     1.
DVPREL1 ,   2400, PSHELL,     15,      T,       ,       ,     0.,       ,+0      
+0      ,     24,     1.
DVPREL1 ,   2500, PSHELL,    109,      T,       ,       ,     0.,       ,+0      
+0      ,     25,     1.
DVPREL1 ,   2600, PSHELL,    101,      T,       ,       ,     0.,       ,+0      
+0      ,     26,     1.
DVPREL1 ,   2700, PSHELL,     93,      T,       ,       ,     0.,       ,+0      
+0      ,     27,     1.
DVPREL1 ,   2800, PSHELL,     86,      T,       ,       ,     0.,       ,+0      
+0      ,     28,     1.
DVPREL1 ,   2900, PSHELL,     69,      T,       ,       ,     0.,       ,+0      
+0      ,     29,     1.
DVPREL1 ,   3000, PSHELL,     62,      T,       ,       ,     0.,       ,+0      
+0      ,     30,     1.
DVPREL1 ,   3100, PSHELL,     45,      T,       ,       ,     0.,       ,+0      
+0      ,     31,     1.
DVPREL1 ,   3200, PSHELL,     38,      T,       ,       ,     0.,       ,+0      
+0      ,     32,     1.
DVPREL1 ,   3300, PSHELL,     21,      T,       ,       ,     0.,       ,+0      
+0      ,     33,     1.
DVPREL1 ,   3400, PSHELL,     89,      T,       ,       ,     0.,       ,+0      
+0      ,     34,     1.
DVPREL1 ,   3500, PSHELL,     14,      T,       ,       ,     0.,       ,+0      
+0      ,     35,     1.
DVPREL1 ,   3600, PSHELL,    108,      T,       ,       ,     0.,       ,+0      
+0      ,     36,     1.
DVPREL1 ,   3700, PSHELL,    100,      T,       ,       ,     0.,       ,+0      
+0      ,     37,     1.
DVPREL1 ,   3800, PSHELL,     92,      T,       ,       ,     0.,       ,+0      
+0      ,     38,     1.
DVPREL1 ,   3900, PSHELL,     85,      T,       ,       ,     0.,       ,+0      
+0      ,     39,     1.
DVPREL1 ,   4000, PSHELL,     68,      T,       ,       ,     0.,       ,+0      
+0      ,     40,     1.
DVPREL1 ,   4100, PSHELL,     61,      T,       ,       ,     0.,       ,+0      
+0      ,     41,     1.
DVPREL1 ,   4200, PSHELL,     44,      T,       ,       ,     0.,       ,+0      
+0      ,     42,     1.
DVPREL1 ,   4300, PSHELL,     37,      T,       ,       ,     0.,       ,+0      
+0      ,     43,     1.
DVPREL1 ,   4400, PSHELL,     20,      T,       ,       ,     0.,       ,+0      
+0      ,     44,     1.
DVPREL1 ,   4500, PSHELL,     72,      T,       ,       ,     0.,       ,+0      
+0      ,     45,     1.
DVPREL1 ,   4600, PSHELL,     13,      T,       ,       ,     0.,       ,+0      
+0      ,     46,     1.
DVPREL1 ,   4700, PSHELL,    107,      T,       ,       ,     0.,       ,+0      
+0      ,     47,     1.
DVPREL1 ,   4800, PSHELL,     99,      T,       ,       ,     0.,       ,+0      
+0      ,     48,     1.
DVPREL1 ,   4900, PSHELL,     91,      T,       ,       ,     0.,       ,+0      
+0      ,     49,     1.
DVPREL1 ,   5000, PSHELL,     84,      T,       ,       ,     0.,       ,+0      
+0      ,     50,     1.
DVPREL1 ,   5100, PSHELL,     67,      T,       ,       ,     0.,       ,+0      
+0      ,     51,     1.
DVPREL1 ,   5200, PSHELL,     60,      T,       ,       ,     0.,       ,+0      
+0      ,     52,     1.
DVPREL1 ,   5300, PSHELL,     43,      T,       ,       ,     0.,       ,+0      
+0      ,     53,     1.
DVPREL1 ,   5400, PSHELL,     36,      T,       ,       ,     0.,       ,+0      
+0      ,     54,     1.
DVPREL1 ,   5500, PSHELL,     19,      T,       ,       ,     0.,       ,+0      
+0      ,     55,     1.
DVPREL1 ,   5600, PSHELL,     65,      T,       ,       ,     0.,       ,+0      
+0      ,     56,     1.
DVPREL1 ,   5700, PSHELL,     12,      T,       ,       ,     0.,       ,+0      
+0      ,     57,     1.
DVPREL1 ,   5800, PSHELL,    106,      T,       ,       ,     0.,       ,+0      
+0      ,     58,     1.
DVPREL1 ,   5900, PSHELL,     98,      T,       ,       ,     0.,       ,+0      
+0      ,     59,     1.
DVPREL1 ,   6000, PSHELL,     90,      T,       ,       ,     0.,       ,+0      
+0      ,     60,     1.
DVPREL1 ,   6100, PSHELL,     83,      T,       ,       ,     0.,       ,+0      
+0      ,     61,     1.
DVPREL1 ,   6200, PSHELL,     66,      T,       ,       ,     0.,       ,+0      
+0      ,     62,     1.
DVPREL1 ,   6300, PSHELL,     59,      T,       ,       ,     0.,       ,+0      
+0      ,     63,     1.
DVPREL1 ,   6400, PSHELL,     42,      T,       ,       ,     0.,       ,+0      
+0      ,     64,     1.
DVPREL1 ,   6500, PSHELL,     35,      T,       ,       ,     0.,       ,+0      
+0      ,     65,     1.
DVPREL1 ,   6600, PSHELL,     18,      T,       ,       ,     0.,       ,+0      
+0      ,     66,     1.
DVPREL1 ,   6700, PSHELL,     48,      T,       ,       ,     0.,       ,+0      
+0      ,     67,     1.
DVPREL1 ,   6800, PSHELL,     11,      T,       ,       ,     0.,       ,+0      
+0      ,     68,     1.
DVPREL1 ,   6900, PSHELL,    105,      T,       ,       ,     0.,       ,+0      
+0      ,     69,     1.
DVPREL1 ,   7000, PSHELL,     97,      T,       ,       ,     0.,       ,+0      
+0      ,     70,     1.
DVPREL1 ,   7100, PSHELL,     81,      T,       ,       ,     0.,       ,+0      
+0      ,     71,     1.
DVPREL1 ,   7200, PSHELL,     82,      T,       ,       ,     0.,       ,+0      
+0      ,     72,     1.
DVPREL1 ,   7300, PSHELL,     57,      T,       ,       ,     0.,       ,+0      
+0      ,     73,     1.
DVPREL1 ,   7400, PSHELL,     58,      T,       ,       ,     0.,       ,+0      
+0      ,     74,     1.
DVPREL1 ,   7500, PSHELL,     33,      T,       ,       ,     0.,       ,+0      
+0      ,     75,     1.
DVPREL1 ,   7600, PSHELL,     34,      T,       ,       ,     0.,       ,+0      
+0      ,     76,     1.
DVPREL1 ,   7700, PSHELL,      9,      T,       ,       ,     0.,       ,+0      
+0      ,     77,     1.
DVPREL1 ,   7800, PSHELL,     41,      T,       ,       ,     0.,       ,+0      
+0      ,     78,     1.
DVPREL1 ,   7900, PSHELL,     10,      T,       ,       ,     0.,       ,+0      
+0      ,     79,     1.
DVPREL1 ,   8000, PSHELL,     24,      T,       ,       ,     0.,       ,+0      
+0      ,     80,     1.
DVPREL1 ,   8100, PSHELL,     80,      T,       ,       ,     0.,       ,+0      
+0      ,     81,     1.
DVPREL1 ,   8200, PSHELL,     56,      T,       ,       ,     0.,       ,+0      
+0      ,     82,     1.
DVPREL1 ,   8300, PSHELL,     32,      T,       ,       ,     0.,       ,+0      
+0      ,     83,     1.
DVPREL1 ,   8400, PSHELL,      8,      T,       ,       ,     0.,       ,+0      
+0      ,     84,     1.

INCLUDE 'stiffPanel.bdf'

ENDDATA
